
A = [2 0 9;2 7 7];
B = [5 -3 2;0 6 -5];
C = 4*A-5*B

D = [4 -1; -7 6];
E = [1 4;7 4];
D*E;
E*D

M = [3 1 ; 7 6];
M^-1;

